5.000000e+02	5.000000e+02	8.239370e-03
5.000000e+02	5.100000e+02	8.239677e-03
5.000000e+02	5.200000e+02	8.239984e-03
5.000000e+02	5.300000e+02	8.240290e-03
5.000000e+02	5.400000e+02	8.240597e-03
5.000000e+02	5.500000e+02	8.240904e-03
5.000000e+02	5.600000e+02	8.241211e-03
5.000000e+02	5.700000e+02	8.241518e-03
5.000000e+02	5.800000e+02	8.241829e-03
5.000000e+02	5.900000e+02	8.242139e-03
5.000000e+02	6.000000e+02	8.242450e-03
5.000000e+02	6.100000e+02	8.242762e-03
5.000000e+02	6.200000e+02	8.243074e-03
5.000000e+02	6.300000e+02	8.243386e-03
5.000000e+02	6.400000e+02	8.243698e-03
5.000000e+02	6.500000e+02	8.244010e-03
5.000000e+02	6.600000e+02	8.244322e-03
5.000000e+02	6.700000e+02	8.244634e-03
5.000000e+02	6.800000e+02	8.244946e-03
5.000000e+02	6.900000e+02	8.245258e-03
5.000000e+02	7.000000e+02	8.245570e-03

5.100000e+02	5.000000e+02	8.239447e-03
5.100000e+02	5.100000e+02	8.239754e-03
5.100000e+02	5.200000e+02	8.240061e-03
5.100000e+02	5.300000e+02	8.240368e-03
5.100000e+02	5.400000e+02	8.240675e-03
5.100000e+02	5.500000e+02	8.240982e-03
5.100000e+02	5.600000e+02	8.241289e-03
5.100000e+02	5.700000e+02	8.241597e-03
5.100000e+02	5.800000e+02	8.241907e-03
5.100000e+02	5.900000e+02	8.242217e-03
5.100000e+02	6.000000e+02	8.242527e-03
5.100000e+02	6.100000e+02	8.242840e-03
5.100000e+02	6.200000e+02	8.243152e-03
5.100000e+02	6.300000e+02	8.243464e-03
5.100000e+02	6.400000e+02	8.243777e-03
5.100000e+02	6.500000e+02	8.244089e-03
5.100000e+02	6.600000e+02	8.244401e-03
5.100000e+02	6.700000e+02	8.244713e-03
5.100000e+02	6.800000e+02	8.245025e-03
5.100000e+02	6.900000e+02	8.245337e-03
5.100000e+02	7.000000e+02	8.245649e-03

5.200000e+02	5.000000e+02	8.239525e-03
5.200000e+02	5.100000e+02	8.239832e-03
5.200000e+02	5.200000e+02	8.240139e-03
5.200000e+02	5.300000e+02	8.240447e-03
5.200000e+02	5.400000e+02	8.240754e-03
5.200000e+02	5.500000e+02	8.241061e-03
5.200000e+02	5.600000e+02	8.241368e-03
5.200000e+02	5.700000e+02	8.241676e-03
5.200000e+02	5.800000e+02	8.241986e-03
5.200000e+02	5.900000e+02	8.242295e-03
5.200000e+02	6.000000e+02	8.242605e-03
5.200000e+02	6.100000e+02	8.242917e-03
5.200000e+02	6.200000e+02	8.243230e-03
5.200000e+02	6.300000e+02	8.243543e-03
5.200000e+02	6.400000e+02	8.243855e-03
5.200000e+02	6.500000e+02	8.244168e-03
5.200000e+02	6.600000e+02	8.244480e-03
5.200000e+02	6.700000e+02	8.244792e-03
5.200000e+02	6.800000e+02	8.245104e-03
5.200000e+02	6.900000e+02	8.245416e-03
5.200000e+02	7.000000e+02	8.245728e-03

5.300000e+02	5.000000e+02	8.239602e-03
5.300000e+02	5.100000e+02	8.239910e-03
5.300000e+02	5.200000e+02	8.240217e-03
5.300000e+02	5.300000e+02	8.240525e-03
5.300000e+02	5.400000e+02	8.240832e-03
5.300000e+02	5.500000e+02	8.241140e-03
5.300000e+02	5.600000e+02	8.241447e-03
5.300000e+02	5.700000e+02	8.241755e-03
5.300000e+02	5.800000e+02	8.242064e-03
5.300000e+02	5.900000e+02	8.242373e-03
5.300000e+02	6.000000e+02	8.242682e-03
5.300000e+02	6.100000e+02	8.242995e-03
5.300000e+02	6.200000e+02	8.243308e-03
5.300000e+02	6.300000e+02	8.243621e-03
5.300000e+02	6.400000e+02	8.243934e-03
5.300000e+02	6.500000e+02	8.244247e-03
5.300000e+02	6.600000e+02	8.244559e-03
5.300000e+02	6.700000e+02	8.244871e-03
5.300000e+02	6.800000e+02	8.245183e-03
5.300000e+02	6.900000e+02	8.245495e-03
5.300000e+02	7.000000e+02	8.245807e-03

5.400000e+02	5.000000e+02	8.239680e-03
5.400000e+02	5.100000e+02	8.239987e-03
5.400000e+02	5.200000e+02	8.240295e-03
5.400000e+02	5.300000e+02	8.240603e-03
5.400000e+02	5.400000e+02	8.240910e-03
5.400000e+02	5.500000e+02	8.241218e-03
5.400000e+02	5.600000e+02	8.241526e-03
5.400000e+02	5.700000e+02	8.241834e-03
5.400000e+02	5.800000e+02	8.242142e-03
5.400000e+02	5.900000e+02	8.242451e-03
5.400000e+02	6.000000e+02	8.242760e-03
5.400000e+02	6.100000e+02	8.243073e-03
5.400000e+02	6.200000e+02	8.243386e-03
5.400000e+02	6.300000e+02	8.243699e-03
5.400000e+02	6.400000e+02	8.244013e-03
5.400000e+02	6.500000e+02	8.244326e-03
5.400000e+02	6.600000e+02	8.244638e-03
5.400000e+02	6.700000e+02	8.244950e-03
5.400000e+02	6.800000e+02	8.245262e-03
5.400000e+02	6.900000e+02	8.245574e-03
5.400000e+02	7.000000e+02	8.245886e-03

5.500000e+02	5.000000e+02	8.239757e-03
5.500000e+02	5.100000e+02	8.240065e-03
5.500000e+02	5.200000e+02	8.240373e-03
5.500000e+02	5.300000e+02	8.240681e-03
5.500000e+02	5.400000e+02	8.240989e-03
5.500000e+02	5.500000e+02	8.241297e-03
5.500000e+02	5.600000e+02	8.241605e-03
5.500000e+02	5.700000e+02	8.241912e-03
5.500000e+02	5.800000e+02	8.242221e-03
5.500000e+02	5.900000e+02	8.242529e-03
5.500000e+02	6.000000e+02	8.242837e-03
5.500000e+02	6.100000e+02	8.243151e-03
5.500000e+02	6.200000e+02	8.243464e-03
5.500000e+02	6.300000e+02	8.243778e-03
5.500000e+02	6.400000e+02	8.244091e-03
5.500000e+02	6.500000e+02	8.244405e-03
5.500000e+02	6.600000e+02	8.244717e-03
5.500000e+02	6.700000e+02	8.245029e-03
5.500000e+02	6.800000e+02	8.245341e-03
5.500000e+02	6.900000e+02	8.245653e-03
5.500000e+02	7.000000e+02	8.245965e-03

5.600000e+02	5.000000e+02	8.239835e-03
5.600000e+02	5.100000e+02	8.240143e-03
5.600000e+02	5.200000e+02	8.240451e-03
5.600000e+02	5.300000e+02	8.240759e-03
5.600000e+02	5.400000e+02	8.241067e-03
5.600000e+02	5.500000e+02	8.241375e-03
5.600000e+02	5.600000e+02	8.241683e-03
5.600000e+02	5.700000e+02	8.241991e-03
5.600000e+02	5.800000e+02	8.242299e-03
5.600000e+02	5.900000e+02	8.242607e-03
5.600000e+02	6.000000e+02	8.242915e-03
5.600000e+02	6.100000e+02	8.243228e-03
5.600000e+02	6.200000e+02	8.243542e-03
5.600000e+02	6.300000e+02	8.243856e-03
5.600000e+02	6.400000e+02	8.244170e-03
5.600000e+02	6.500000e+02	8.244484e-03
5.600000e+02	6.600000e+02	8.244796e-03
5.600000e+02	6.700000e+02	8.245108e-03
5.600000e+02	6.800000e+02	8.245420e-03
5.600000e+02	6.900000e+02	8.245732e-03
5.600000e+02	7.000000e+02	8.246044e-03

5.700000e+02	5.000000e+02	8.239914e-03
5.700000e+02	5.100000e+02	8.240223e-03
5.700000e+02	5.200000e+02	8.240531e-03
5.700000e+02	5.300000e+02	8.240839e-03
5.700000e+02	5.400000e+02	8.241147e-03
5.700000e+02	5.500000e+02	8.241456e-03
5.700000e+02	5.600000e+02	8.241764e-03
5.700000e+02	5.700000e+02	8.242072e-03
5.700000e+02	5.800000e+02	8.242380e-03
5.700000e+02	5.900000e+02	8.242687e-03
5.700000e+02	6.000000e+02	8.242995e-03
5.700000e+02	6.100000e+02	8.243309e-03
5.700000e+02	6.200000e+02	8.243623e-03
5.700000e+02	6.300000e+02	8.243937e-03
5.700000e+02	6.400000e+02	8.244250e-03
5.700000e+02	6.500000e+02	8.244564e-03
5.700000e+02	6.600000e+02	8.244876e-03
5.700000e+02	6.700000e+02	8.245189e-03
5.700000e+02	6.800000e+02	8.245501e-03
5.700000e+02	6.900000e+02	8.245813e-03
5.700000e+02	7.000000e+02	8.246125e-03

5.800000e+02	5.000000e+02	8.240000e-03
5.800000e+02	5.100000e+02	8.240308e-03
5.800000e+02	5.200000e+02	8.240616e-03
5.800000e+02	5.300000e+02	8.240924e-03
5.800000e+02	5.400000e+02	8.241233e-03
5.800000e+02	5.500000e+02	8.241541e-03
5.800000e+02	5.600000e+02	8.241849e-03
5.800000e+02	5.700000e+02	8.242157e-03
5.800000e+02	5.800000e+02	8.242466e-03
5.800000e+02	5.900000e+02	8.242775e-03
5.800000e+02	6.000000e+02	8.243083e-03
5.800000e+02	6.100000e+02	8.243397e-03
5.800000e+02	6.200000e+02	8.243710e-03
5.800000e+02	6.300000e+02	8.244023e-03
5.800000e+02	6.400000e+02	8.244336e-03
5.800000e+02	6.500000e+02	8.244650e-03
5.800000e+02	6.600000e+02	8.244962e-03
5.800000e+02	6.700000e+02	8.245275e-03
5.800000e+02	6.800000e+02	8.245588e-03
5.800000e+02	6.900000e+02	8.245901e-03
5.800000e+02	7.000000e+02	8.246213e-03

5.900000e+02	5.000000e+02	8.240085e-03
5.900000e+02	5.100000e+02	8.240393e-03
5.900000e+02	5.200000e+02	8.240701e-03
5.900000e+02	5.300000e+02	8.241010e-03
5.900000e+02	5.400000e+02	8.241318e-03
5.900000e+02	5.500000e+02	8.241626e-03
5.900000e+02	5.600000e+02	8.241934e-03
5.900000e+02	5.700000e+02	8.242243e-03
5.900000e+02	5.800000e+02	8.242553e-03
5.900000e+02	5.900000e+02	8.242862e-03
5.900000e+02	6.000000e+02	8.243172e-03
5.900000e+02	6.100000e+02	8.243484e-03
5.900000e+02	6.200000e+02	8.243797e-03
5.900000e+02	6.300000e+02	8.244110e-03
5.900000e+02	6.400000e+02	8.244422e-03
5.900000e+02	6.500000e+02	8.244735e-03
5.900000e+02	6.600000e+02	8.245048e-03
5.900000e+02	6.700000e+02	8.245362e-03
5.900000e+02	6.800000e+02	8.245675e-03
5.900000e+02	6.900000e+02	8.245988e-03
5.900000e+02	7.000000e+02	8.246302e-03

6.000000e+02	5.000000e+02	8.240170e-03
6.000000e+02	5.100000e+02	8.240478e-03
6.000000e+02	5.200000e+02	8.240787e-03
6.000000e+02	5.300000e+02	8.241095e-03
6.000000e+02	5.400000e+02	8.241403e-03
6.000000e+02	5.500000e+02	8.241711e-03
6.000000e+02	5.600000e+02	8.242020e-03
6.000000e+02	5.700000e+02	8.242328e-03
6.000000e+02	5.800000e+02	8.242639e-03
6.000000e+02	5.900000e+02	8.242949e-03
6.000000e+02	6.000000e+02	8.243260e-03
6.000000e+02	6.100000e+02	8.243572e-03
6.000000e+02	6.200000e+02	8.243884e-03
6.000000e+02	6.300000e+02	8.244196e-03
6.000000e+02	6.400000e+02	8.244508e-03
6.000000e+02	6.500000e+02	8.244820e-03
6.000000e+02	6.600000e+02	8.245134e-03
6.000000e+02	6.700000e+02	8.245448e-03
6.000000e+02	6.800000e+02	8.245762e-03
6.000000e+02	6.900000e+02	8.246076e-03
6.000000e+02	7.000000e+02	8.246390e-03

6.100000e+02	5.000000e+02	8.240270e-03
6.100000e+02	5.100000e+02	8.240578e-03
6.100000e+02	5.200000e+02	8.240887e-03
6.100000e+02	5.300000e+02	8.241195e-03
6.100000e+02	5.400000e+02	8.241503e-03
6.100000e+02	5.500000e+02	8.241811e-03
6.100000e+02	5.600000e+02	8.242120e-03
6.100000e+02	5.700000e+02	8.242428e-03
6.100000e+02	5.800000e+02	8.242739e-03
6.100000e+02	5.900000e+02	8.243049e-03
6.100000e+02	6.000000e+02	8.243360e-03
6.100000e+02	6.100000e+02	8.243672e-03
6.100000e+02	6.200000e+02	8.243984e-03
6.100000e+02	6.300000e+02	8.244296e-03
6.100000e+02	6.400000e+02	8.244608e-03
6.100000e+02	6.500000e+02	8.244920e-03
6.100000e+02	6.600000e+02	8.245234e-03
6.100000e+02	6.700000e+02	8.245548e-03
6.100000e+02	6.800000e+02	8.245862e-03
6.100000e+02	6.900000e+02	8.246176e-03
6.100000e+02	7.000000e+02	8.246490e-03

6.200000e+02	5.000000e+02	8.240370e-03
6.200000e+02	5.100000e+02	8.240678e-03
6.200000e+02	5.200000e+02	8.240987e-03
6.200000e+02	5.300000e+02	8.241295e-03
6.200000e+02	5.400000e+02	8.241603e-03
6.200000e+02	5.500000e+02	8.241911e-03
6.200000e+02	5.600000e+02	8.242220e-03
6.200000e+02	5.700000e+02	8.242528e-03
6.200000e+02	5.800000e+02	8.242839e-03
6.200000e+02	5.900000e+02	8.243149e-03
6.200000e+02	6.000000e+02	8.243460e-03
6.200000e+02	6.100000e+02	8.243772e-03
6.200000e+02	6.200000e+02	8.244084e-03
6.200000e+02	6.300000e+02	8.244396e-03
6.200000e+02	6.400000e+02	8.244708e-03
6.200000e+02	6.500000e+02	8.245020e-03
6.200000e+02	6.600000e+02	8.245334e-03
6.200000e+02	6.700000e+02	8.245648e-03
6.200000e+02	6.800000e+02	8.245962e-03
6.200000e+02	6.900000e+02	8.246276e-03
6.200000e+02	7.000000e+02	8.246590e-03

6.300000e+02	5.000000e+02	8.240470e-03
6.300000e+02	5.100000e+02	8.240778e-03
6.300000e+02	5.200000e+02	8.241087e-03
6.300000e+02	5.300000e+02	8.241395e-03
6.300000e+02	5.400000e+02	8.241703e-03
6.300000e+02	5.500000e+02	8.242011e-03
6.300000e+02	5.600000e+02	8.242320e-03
6.300000e+02	5.700000e+02	8.242628e-03
6.300000e+02	5.800000e+02	8.242939e-03
6.300000e+02	5.900000e+02	8.243249e-03
6.300000e+02	6.000000e+02	8.243560e-03
6.300000e+02	6.100000e+02	8.243872e-03
6.300000e+02	6.200000e+02	8.244184e-03
6.300000e+02	6.300000e+02	8.244496e-03
6.300000e+02	6.400000e+02	8.244808e-03
6.300000e+02	6.500000e+02	8.245120e-03
6.300000e+02	6.600000e+02	8.245434e-03
6.300000e+02	6.700000e+02	8.245748e-03
6.300000e+02	6.800000e+02	8.246062e-03
6.300000e+02	6.900000e+02	8.246376e-03
6.300000e+02	7.000000e+02	8.246690e-03

6.400000e+02	5.000000e+02	8.240570e-03
6.400000e+02	5.100000e+02	8.240878e-03
6.400000e+02	5.200000e+02	8.241187e-03
6.400000e+02	5.300000e+02	8.241495e-03
6.400000e+02	5.400000e+02	8.241803e-03
6.400000e+02	5.500000e+02	8.242111e-03
6.400000e+02	5.600000e+02	8.242420e-03
6.400000e+02	5.700000e+02	8.242728e-03
6.400000e+02	5.800000e+02	8.243039e-03
6.400000e+02	5.900000e+02	8.243349e-03
6.400000e+02	6.000000e+02	8.243660e-03
6.400000e+02	6.100000e+02	8.243972e-03
6.400000e+02	6.200000e+02	8.244284e-03
6.400000e+02	6.300000e+02	8.244596e-03
6.400000e+02	6.400000e+02	8.244908e-03
6.400000e+02	6.500000e+02	8.245220e-03
6.400000e+02	6.600000e+02	8.245534e-03
6.400000e+02	6.700000e+02	8.245848e-03
6.400000e+02	6.800000e+02	8.246162e-03
6.400000e+02	6.900000e+02	8.246476e-03
6.400000e+02	7.000000e+02	8.246790e-03

6.500000e+02	5.000000e+02	8.240670e-03
6.500000e+02	5.100000e+02	8.240978e-03
6.500000e+02	5.200000e+02	8.241287e-03
6.500000e+02	5.300000e+02	8.241595e-03
6.500000e+02	5.400000e+02	8.241903e-03
6.500000e+02	5.500000e+02	8.242211e-03
6.500000e+02	5.600000e+02	8.242520e-03
6.500000e+02	5.700000e+02	8.242828e-03
6.500000e+02	5.800000e+02	8.243139e-03
6.500000e+02	5.900000e+02	8.243449e-03
6.500000e+02	6.000000e+02	8.243760e-03
6.500000e+02	6.100000e+02	8.244072e-03
6.500000e+02	6.200000e+02	8.244384e-03
6.500000e+02	6.300000e+02	8.244696e-03
6.500000e+02	6.400000e+02	8.245008e-03
6.500000e+02	6.500000e+02	8.245320e-03
6.500000e+02	6.600000e+02	8.245634e-03
6.500000e+02	6.700000e+02	8.245948e-03
6.500000e+02	6.800000e+02	8.246262e-03
6.500000e+02	6.900000e+02	8.246576e-03
6.500000e+02	7.000000e+02	8.246890e-03

6.600000e+02	5.000000e+02	8.240782e-03
6.600000e+02	5.100000e+02	8.241090e-03
6.600000e+02	5.200000e+02	8.241398e-03
6.600000e+02	5.300000e+02	8.241706e-03
6.600000e+02	5.400000e+02	8.242014e-03
6.600000e+02	5.500000e+02	8.242322e-03
6.600000e+02	5.600000e+02	8.242630e-03
6.600000e+02	5.700000e+02	8.242938e-03
6.600000e+02	5.800000e+02	8.243249e-03
6.600000e+02	5.900000e+02	8.243559e-03
6.600000e+02	6.000000e+02	8.243870e-03
6.600000e+02	6.100000e+02	8.244182e-03
6.600000e+02	6.200000e+02	8.244495e-03
6.600000e+02	6.300000e+02	8.244807e-03
6.600000e+02	6.400000e+02	8.245120e-03
6.600000e+02	6.500000e+02	8.245432e-03
6.600000e+02	6.600000e+02	8.245746e-03
6.600000e+02	6.700000e+02	8.246060e-03
6.600000e+02	6.800000e+02	8.246374e-03
6.600000e+02	6.900000e+02	8.246688e-03
6.600000e+02	7.000000e+02	8.247002e-03

6.700000e+02	5.000000e+02	8.240894e-03
6.700000e+02	5.100000e+02	8.241202e-03
6.700000e+02	5.200000e+02	8.241509e-03
6.700000e+02	5.300000e+02	8.241817e-03
6.700000e+02	5.400000e+02	8.242125e-03
6.700000e+02	5.500000e+02	8.242432e-03
6.700000e+02	5.600000e+02	8.242740e-03
6.700000e+02	5.700000e+02	8.243048e-03
6.700000e+02	5.800000e+02	8.243359e-03
6.700000e+02	5.900000e+02	8.243669e-03
6.700000e+02	6.000000e+02	8.243980e-03
6.700000e+02	6.100000e+02	8.244293e-03
6.700000e+02	6.200000e+02	8.244606e-03
6.700000e+02	6.300000e+02	8.244918e-03
6.700000e+02	6.400000e+02	8.245231e-03
6.700000e+02	6.500000e+02	8.245544e-03
6.700000e+02	6.600000e+02	8.245858e-03
6.700000e+02	6.700000e+02	8.246172e-03
6.700000e+02	6.800000e+02	8.246486e-03
6.700000e+02	6.900000e+02	8.246800e-03
6.700000e+02	7.000000e+02	8.247114e-03

6.800000e+02	5.000000e+02	8.241006e-03
6.800000e+02	5.100000e+02	8.241313e-03
6.800000e+02	5.200000e+02	8.241621e-03
6.800000e+02	5.300000e+02	8.241928e-03
6.800000e+02	5.400000e+02	8.242235e-03
6.800000e+02	5.500000e+02	8.242543e-03
6.800000e+02	5.600000e+02	8.242850e-03
6.800000e+02	5.700000e+02	8.243158e-03
6.800000e+02	5.800000e+02	8.243469e-03
6.800000e+02	5.900000e+02	8.243779e-03
6.800000e+02	6.000000e+02	8.244090e-03
6.800000e+02	6.100000e+02	8.244403e-03
6.800000e+02	6.200000e+02	8.244716e-03
6.800000e+02	6.300000e+02	8.245030e-03
6.800000e+02	6.400000e+02	8.245343e-03
6.800000e+02	6.500000e+02	8.245656e-03
6.800000e+02	6.600000e+02	8.245970e-03
6.800000e+02	6.700000e+02	8.246284e-03
6.800000e+02	6.800000e+02	8.246598e-03
6.800000e+02	6.900000e+02	8.246912e-03
6.800000e+02	7.000000e+02	8.247226e-03

6.900000e+02	5.000000e+02	8.241118e-03
6.900000e+02	5.100000e+02	8.241425e-03
6.900000e+02	5.200000e+02	8.241732e-03
6.900000e+02	5.300000e+02	8.242039e-03
6.900000e+02	5.400000e+02	8.242346e-03
6.900000e+02	5.500000e+02	8.242653e-03
6.900000e+02	5.600000e+02	8.242960e-03
6.900000e+02	5.700000e+02	8.243268e-03
6.900000e+02	5.800000e+02	8.243579e-03
6.900000e+02	5.900000e+02	8.243889e-03
6.900000e+02	6.000000e+02	8.244200e-03
6.900000e+02	6.100000e+02	8.244514e-03
6.900000e+02	6.200000e+02	8.244827e-03
6.900000e+02	6.300000e+02	8.245141e-03
6.900000e+02	6.400000e+02	8.245454e-03
6.900000e+02	6.500000e+02	8.245768e-03
6.900000e+02	6.600000e+02	8.246082e-03
6.900000e+02	6.700000e+02	8.246396e-03
6.900000e+02	6.800000e+02	8.246710e-03
6.900000e+02	6.900000e+02	8.247024e-03
6.900000e+02	7.000000e+02	8.247338e-03

7.000000e+02	5.000000e+02	8.241230e-03
7.000000e+02	5.100000e+02	8.241537e-03
7.000000e+02	5.200000e+02	8.241844e-03
7.000000e+02	5.300000e+02	8.242150e-03
7.000000e+02	5.400000e+02	8.242457e-03
7.000000e+02	5.500000e+02	8.242764e-03
7.000000e+02	5.600000e+02	8.243071e-03
7.000000e+02	5.700000e+02	8.243378e-03
7.000000e+02	5.800000e+02	8.243689e-03
7.000000e+02	5.900000e+02	8.243999e-03
7.000000e+02	6.000000e+02	8.244310e-03
7.000000e+02	6.100000e+02	8.244624e-03
7.000000e+02	6.200000e+02	8.244938e-03
7.000000e+02	6.300000e+02	8.245252e-03
7.000000e+02	6.400000e+02	8.245566e-03
7.000000e+02	6.500000e+02	8.245880e-03
7.000000e+02	6.600000e+02	8.246194e-03
7.000000e+02	6.700000e+02	8.246508e-03
7.000000e+02	6.800000e+02	8.246822e-03
7.000000e+02	6.900000e+02	8.247136e-03
7.000000e+02	7.000000e+02	8.247450e-03

